218914882001
218914882002
218914882003
218914882004
218914882005
218914882006
218914882007
218914882008
218914882009
218914882010
218914882011
218914882012
218914882013
218914882014
218914882015
218914882016
218914882017
218914882018
218914882019
218914882020
218914882021
218914882022
218914882023
218914882024
218914882025
218914882026
218914882027
218914882028
218914882029
218914882030
218914882031
218914882032
218914882033
218914882034
218914882035
218914882036
218914882037
218914882038
218914882039
218914882040
218914882041
218914882042
218914882043
218914882044
218914882045
218914882046
218914882047
218914882048
218914882049
218914882050
218914882051
218914882052
218914882053
218914882054
218914882055
218914882056
218914882057
218914882058
218914882059
218914882060
218914882061
218914882062
218914882063
218914882064
218914882065
218914882066
218914882067
218914882068
218914882069
218914882070
218914882071
218914882072
218914882073
218914882074
218914882075
218914882076
218914882077
218914882078
218914882079
218914882080
218914882081
218914882082
218914882083
218914882084
218914882085
218914882086
218914882087
218914882088
218914882089
218914882090
218914882091
218914882092
218914882093
218914882094
218914882095
218914882096
218914882097
218914882098
218914882099
218914882100
218914882101
218914882102
218914882103
218914882104
218914882105
218914882106
218914882107
218914882108
218914882109
218914882110
218914882111
218914882112
218914882113
218914882114
218914882115
218914882116
218914882117
218914882118
218914882119
218914882120
218914882121
218914882122
218914882123
218914882124
218914882125
218914882126
218914882127
218914882128
218914882129
218914882130
218914882131
218914882132
218914882133
218914882134
218914882135
218914882136
218914882137
218914882138
218914882139
218914882140
218914882141
218914882142
218914882143
218914882144
218914882145
218914882146
218914882147
218914882148
218914882149
218914882150
218914882151
218914882152
218914882153
218914882154
218914882155
218914882156
218914882157
218914882158
218914882159
218914882160
218914882161
218914882162
218914882163
218914882164
218914882165
218914882166
218914882167
218914882168
218914882169
218914882170
218914882171
218914882172
218914882173
218914882174
218914882175
218914882176
218914882177
218914882178
218914882179
218914882180
218914882181
218914882182
218914882183
218914882184
218914882185
218914882186
218914882187
218914882188
218914882189
218914882190
218914882191
218914882192
218914882193
218914882194
218914882195
218914882196
218914882197
218914882198
218914882199
218914882200
218914882201
218914882202
218914882203
218914882204
218914882205
218914882206
218914882207
218914882208
218914882209
218914882210
218914882211
218914882212
218914882213
218914882214
218914882215
218914882216
218914882217
218914882218
218914882219
218914882220
218914882221
218914882222
218914882223
218914882224
218914882225
218914882226
218914882227
218914882228
218914882229
218914882230
218914882231
218914882232
218914882233
218914882234
218914882235
218914882236
218914882237
218914882238
218914882239
218914882240
218914882241
218914882242
218914882243
218914882244
218914882245
218914882246
218914882247
218914882248
218914882249
218914882250
218914882251
218914882252
218914882253
218914882254
218914882255
218914882256
218914882257
218914882258
218914882259
218914882260
218914882261
218914882262
218914882263
218914882264
218914882265
218914882266
218914882267
218914882268
218914882269
218914882270
218914882271
218914882272
218914882273
218914882274
218914882275
218914882276
218914882277
218914882278
218914882279
218914882280
218914882281
218914882282
218914882283
218914882284
218914882285
218914882286
218914882287
218914882288
218914882289
218914882290
218914882291
218914882292
218914882293
218914882294
218914882295
218914882296
218914882297
218914882298
218914882299
218914882300
218914882301
218914882302
218914882303
218914882304
218914882305
218914882306
218914882307
218914882308
218914882309
218914882310
218914882311
218914882312
218914882313
218914882314
218914882315
218914882316
218914882317
218914882318
218914882319
218914882320
218914882321
218914882322
218914882323
218914882324
218914882325
218914882326
218914882327
218914882328
218914882329
218914882330
218914882331
218914882332
218914882333
218914882334
218914882335
218914882336
218914882337
218914882338
218914882339
218914882340
218914882341
218914882342
218914882343
218914882344
218914882345
218914882346
218914882347
218914882348
218914882349
218914882350
218914882351
218914882352
218914882353
218914882354
218914882355
218914882356
218914882357
218914882358
218914882359
218914882360
218914882361
218914882362
218914882363
218914882364
218914882365
218914882366
218914882367
218914882368
218914882369
218914882370
218914882371
218914882372
218914882373
218914882374
218914882375
218914882376
218914882377
218914882378
218914882379
218914882380
218914882381
218914882382
218914882383
218914882384
218914882385
218914882386
218914882387
218914882388
218914882389
218914882390
218914882391
218914882392
218914882393
218914882394
218914882395
218914882396
218914882397
218914882398
218914882399
218914882400